10
1000000 300
620897 667841
267005 473549
216452 492655
854603 896567
953850 982633
634574 904985
565395 704274
253114 538907
167450 681571
439984 507100
411366 868470
889071 900694
776473 783238
110355 323991
624635 747474
79524 184796
370355 682976
819581 980460
696328 904901
792474 800528
198222 906628
766682 940792
568799 896078
464917 824577
156664 813637
944174 964134
301687 482269
461508 789797
918204 974292
738466 895096
327248 645790
355095 902691
178403 806648
830257 939821
259997 887221
95395 706196
99599 298339
967119 967215
599574 988941
18644 867340
875230 883399
435951 496107
279073 992552
252583 843736
440750 704435
204238 409537
962170 983586
328279 653198
111439 313223
830213 973560
381033 694399
302531 622752
307967 594388
482197 655994
371435 530996
374106 976699
464145 959689
778013 838555
751003 966325
273422 509312
846853 980158
231389 601800
912704 913076
994521 998668
370735 591711
500103 614640
340613 440763
551435 613948
689064 799393
793931 963567
293403 478464
301863 966515
58616 982808
673687 701390
558840 616769
317445 892355
382388 442416
688687 797045
9283 652116
854159 933222
417999 548340
814999 962469
926355 973297
141722 578043
973976 984448
125627 548641
326135 906971
892948 961122
220715 240375
658217 780201
190006 822851
520469 721118
567525 818287
504153 716000
636235 645903
145700 923961
596889 766972
963742 976906
572968 744904
651340 849528
908924 939982
736000 973013
70470 509377
181576 839045
492581 984957
500228 550133
99554 672646
337144 363325
955172 985457
418154 553189
106011 649435
612431 867688
25100 344022
58791 503663
748560 823561
822811 990784
501374 900828
284219 453074
330143 435996
309326 797401
918117 988016
722598 921347
576324 667875
326102 781000
405789 996761
772522 794166
196209 412542
640133 838994
926082 969024
815827 992104
11619 94312
353630 443159
323836 522850
393060 959278
631618 918365
137858 656001
187775 271043
730669 776281
209337 482748
797154 972385
88733 692513
627910 873956
52311 445843
271181 402722
243949 617431
385960 411753
171754 532176
200698 449196
640635 677145
417382 473822
610718 684002
760903 810699
705188 944156
654014 920308
409455 605352
86513 576973
295069 795915
185071 311024
976818 996770
530166 623261
134588 542006
396353 574894
850779 988358
249094 816255
640243 674002
966794 998639
549300 615242
58529 630277
475194 867427
688481 863597
366816 489427
795322 803058
522020 596501
193511 379888
34074 715788
897849 969272
841038 891328
530074 776132
598248 840105
990716 994783
292408 686188
627873 957852
797570 960971
659182 707512
127752 373846
250506 731383
845908 937464
651417 670416
702686 977359
567831 973537
814301 911952
268103 291521
605325 675738
635734 732805
845232 918091
828200 980267
694245 706664
193363 849715
427488 583425
416227 872860
225486 349428
127407 454946
702907 895778
798860 909104
401089 674677
523298 919903
764519 867954
885270 970256
830302 877496
598486 709724
832005 929643
176977 777423
11677 419087
179089 809990
1987 569716
807374 889796
662353 938795
308592 979714
699699 832943
389424 811947
59925 617536
451666 727988
192935 798706
983627 999097
883686 947596
733755 781921
101023 909167
233790 367490
893146 930365
586000 682625
322024 431323
455142 470173
17330 966395
431895 490855
747606 776207
403682 464274
719632 863850
802143 809597
145690 419330
958212 995329
313258 511011
512301 928826
446787 623222
195109 332994
928240 957217
142430 948513
121643 731682
322841 422998
583053 868796
295792 921613
129715 376179
297891 946615
205816 952513
132896 724210
872186 889485
502581 680809
179923 361674
66147 851968
274975 343858
167266 803081
351689 422085
272118 335053
356344 736470
452659 613006
56678 694483
820844 896806
325068 348448
425756 918507
375121 486099
749962 962571
857584 998129
516798 732410
722266 932158
128006 508199
849110 975804
993827 997144
876807 971129
894643 903184
826403 888129
106113 769339
164810 851023
518155 603832
360140 607110
805856 957163
408204 650338
267851 775964
103206 857377
360609 672497
645622 662621
472301 570083
372367 443657
472036 790800
917946 996180
400034 803892
268894 876847
919886 988031
352973 971048
563393 714132
457012 827969
59395 509806
1000000 300
652707 789906
526306 904440
154153 702503
712183 841065
828930 871996
384190 769700
762612 772168
791172 899828
911152 929168
685661 774157
775770 805100
330286 498207
709774 868437
84272 976914
955941 960592
73552 401318
208977 295014
625400 672501
442802 659082
745613 976660
783750 924949
920374 983728
941802 981250
260412 968324
674706 815579
67511 445867
241212 757294
694912 958733
395443 901474
726158 748766
646272 787551
144462 382379
595359 699126
103971 143924
1460 798432
399653 509003
407211 986902
745318 836629
870223 913482
254747 394474
84325 175976
5351 671702
414732 516788
187924 383759
849882 913664
968680 980656
444723 817898
151046 165322
554014 840165
797553 945411
28331 887272
875284 945417
41230 375605
647863 753801
762083 805918
753816 976022
112206 314550
639547 788315
425382 642284
195497 600212
998623 998939
752557 809775
691090 862517
676478 829933
124597 336580
222784 255644
933239 994013
704074 954992
616614 965931
919093 956782
588680 807445
442723 916724
641651 647552
710772 813279
927431 958053
925908 940121
713601 729921
564923 899151
978191 978501
103381 595725
288380 998600
514755 592719
733407 867238
194004 674341
792839 896762
799751 980556
615777 619548
766309 842912
183569 416807
121887 821397
228616 482106
724797 861844
554628 587525
182309 639185
546322 584411
277850 599245
798089 960175
361888 563803
267013 948052
385295 980877
707874 898174
789757 955622
572031 954165
625152 864329
512565 600243
582668 638213
605471 702700
92160 869551
373880 555158
454830 605464
616060 675392
9399 60679
434196 598309
2052 326481
265677 485675
695888 992745
308859 864762
865045 964792
744291 865927
551842 699816
17264 803274
683241 752212
428971 973594
304065 866426
570361 670027
287767 538050
594 380736
848614 932189
8767 211877
50337 449915
393028 701078
596257 927698
61198 203098
258125 293697
596660 955209
167377 728184
621346 683118
982913 985995
700195 737829
196621 768463
832407 861591
671814 809016
371786 641272
974616 981037
688527 910424
95083 920572
807175 842452
254129 284261
775715 924446
188580 811545
900713 997095
262844 331128
177714 856923
582553 887470
477865 696510
878496 907826
61053 940782
320235 328663
302474 419721
575935 935021
366585 904030
320865 751518
950775 964983
514197 567613
805003 869940
817378 833723
852077 996715
124541 410559
837800 941295
928511 945785
592363 873320
280441 372326
319593 335502
660346 735211
640851 800039
996037 997922
554582 920085
927719 931047
487132 590132
89660 601323
486235 524323
961310 972100
410693 829049
804176 944517
832777 915174
926608 963653
269901 511102
414686 725687
190265 278905
617492 833159
182674 268883
451243 799446
381868 607874
781194 814349
21979 843209
121675 873226
589740 973311
845184 912184
568952 846988
332567 521871
842524 947204
150809 236256
864433 951726
954152 964889
745043 768350
739151 870485
416438 475415
990667 993672
417241 847721
674272 838818
29639 853597
765100 866303
970949 985051
815681 897073
351482 626921
634897 685920
592361 883552
637037 869969
450222 979979
206165 993016
236226 646917
11621 62474
836653 967884
947785 967745
632451 901598
781725 886162
800747 888506
30071 443341
147857 716655
473091 722728
242945 870750
18426 575471
883157 939704
766233 768601
941050 991212
969458 984854
528509 837978
437599 963431
921635 967693
383419 496321
268279 955519
532431 532984
923176 926014
91265 759832
646093 648316
199538 356713
135442 934178
710927 972106
12551 524338
200109 357779
646524 733988
833152 866490
45332 652469
730664 802645
6789 955993
593897 709199
723333 876747
548541 961660
918131 951946
41327 448626
778758 924006
886806 910081
745602 808107
215264 792621
966547 987161
838755 907375
31366 794589
528031 539554
590212 915183
297688 449590
903725 904664
397350 841178
701929 872732
729059 783493
32213 127001
314446 796598
814574 918514
374853 783891
840230 991143
188628 763894
229138 324587
108168 814030
569586 982130
449682 918606
417966 956137
908611 920341
267359 435450
685228 867343
17507 912450
465691 748628
657975 799978
179225 408129
206940 383116
289847 820188
633182 684602
989624 995941
40297 400482
2549 498597
276078 993657
328670 988421
1000000 300
531225 662258
514197 818006
909303 989083
668959 755377
215807 661025
361343 370023
372041 934805
234451 469309
583206 879492
563150 952512
806156 814064
886719 932130
102466 964173
160178 207301
362353 500111
345013 934533
775585 953677
474025 493302
378169 766655
536550 882492
291287 729948
173831 557260
997478 998039
460980 693485
510421 651952
505689 827206
618752 641798
868417 951656
986548 998409
162103 949208
448675 890714
894731 965306
352470 999247
733553 886331
581393 582592
779894 876715
659521 963227
970278 995218
436475 983791
840694 933258
891448 943563
452896 791412
909291 961578
972295 998081
935811 968909
293271 693938
3495 622806
377768 700381
497600 948947
327541 951083
652569 698453
375135 931074
992437 994319
545529 929838
659768 905936
841371 909993
845054 892561
372484 933133
718308 887365
722899 958324
673449 754638
806767 875573
183347 989757
106477 707990
616509 817760
994547 999197
616755 939340
287358 450266
253743 775046
639721 910850
826710 914561
343174 461508
792520 985258
668916 961246
387488 707913
700776 709221
190801 814897
223122 767315
715260 856241
868242 919731
34532 556730
448099 951365
294591 638993
165539 605964
640975 856920
297345 947745
300921 519203
203658 446181
532901 889303
605118 748937
656289 913557
951482 978326
797856 966685
146644 891757
852770 927977
382241 603194
733122 745675
216954 359112
502498 878328
846370 962602
405355 940160
353743 748935
668605 883600
737026 814865
20592 305499
81021 124370
370600 442029
341358 684881
952366 972236
813509 871990
453029 584879
49603 931499
860132 861610
446757 665257
855842 948295
129346 387252
398619 847942
533834 865731
192406 286632
387646 971575
810779 954071
906999 949238
424387 765352
418249 810792
500308 542011
32224 983226
586622 874522
420219 769234
859764 989755
861338 964203
774290 819494
359334 772444
77423 997801
21791 946347
771795 853456
934278 971013
981056 984490
700884 781934
128767 321778
758331 941823
858012 941343
362534 982611
400898 450714
771002 777834
893674 930352
149378 241017
912779 920288
825818 985119
556387 741646
563760 837246
214599 437759
625346 862646
160979 687431
813594 938917
969932 990426
639381 732170
494442 748691
514108 982041
367006 568437
918437 988721
802991 972896
654645 985830
719060 949906
591005 625685
490466 795841
906894 946325
938577 991133
687744 752593
489950 849874
809201 867687
282325 491843
159330 650474
629351 905319
73257 951034
696960 702991
553318 701561
423655 433685
802615 861363
358101 896348
902898 967342
750207 965762
372870 585602
354432 743729
450108 527597
481195 544788
363632 816358
528193 927885
688644 773279
218790 819540
530307 950557
512257 982615
210175 559107
319120 809307
351409 924586
828485 925016
741321 848930
897712 953894
877799 999714
934501 973292
742955 948531
536174 602240
691413 756881
75113 839909
787969 949402
203264 305530
802428 816019
837043 894576
96789 180426
330844 738175
686006 836856
241748 814556
446414 732137
861095 892622
119988 276395
251248 537320
798207 858282
443012 944869
649695 914225
908248 918651
881187 990146
17674 133538
481504 655854
989471 996556
798563 970085
149920 337811
942774 975510
798745 840133
832639 983123
297431 574737
387633 924881
825325 985610
920683 952384
616285 631250
561234 781381
720570 917802
453086 631800
346548 612987
687321 940450
452067 858076
277080 995239
649569 882111
416108 750482
448440 527009
926490 957671
233555 748970
937311 944812
851625 905996
91700 683036
249346 657846
67967 723098
761861 944126
725337 752230
836017 864084
756743 998719
119521 488486
781298 908752
650567 930225
172984 359047
730666 744655
206203 307232
73816 160877
914599 931211
857898 907616
744158 783316
966000 999035
84245 621960
439349 782191
807137 983570
704306 910021
117927 228359
433232 712434
53702 859728
383363 917006
721989 838471
851820 920111
105569 242520
924535 961647
246877 293620
273024 339877
347664 604395
437208 495148
847702 913851
42596 475622
616716 693069
257994 685485
689970 828837
374517 875032
30912 361432
856088 920929
296200 808554
902038 941838
737745 739528
117940 956470
50323 576991
540338 974264
433075 791728
840691 862687
152498 646574
819907 973011
301356 835445
1000000 300
475539 746682
901187 960905
132681 181911
505589 869013
972577 978619
346319 718678
297668 597653
811905 919954
513899 716419
357099 920245
692996 901704
351933 745231
985845 994684
88381 160020
402149 919783
529616 673391
329277 640589
390336 826961
185356 896925
22487 958863
313846 583071
929388 998041
405256 668482
726006 803907
794313 982807
190681 863448
690861 980015
515161 829286
136078 469206
201307 837013
839920 984365
948273 950442
238596 945633
659747 764931
946442 976344
798546 862332
71671 897360
486129 633912
567785 911584
800577 903230
352617 473378
399134 953925
823057 927419
430113 941110
743042 761775
186527 831291
904535 988517
891360 976138
337695 770887
806035 874862
100752 386894
429280 953430
232960 687820
234411 630268
771123 784674
137410 935199
344642 929879
305143 478583
504932 891376
160579 267080
32327 313746
139111 695437
719144 758460
359357 657700
395473 740959
992061 992597
390858 971886
694672 908844
186141 436397
8017 167363
18065 406590
154212 909971
522928 711060
254177 644624
807164 893594
370132 975750
136848 608376
630064 673761
685487 812056
277870 717691
588507 664663
85264 387126
636807 825405
559055 955060
802372 856652
608872 706916
737524 939020
143983 154475
410396 482279
198340 566279
120141 551609
711904 899000
741843 862606
990377 994894
272496 524262
505769 604542
929021 997405
607253 646493
687043 724833
983827 986964
775629 916626
804975 925934
372265 674133
675528 702757
524561 659455
902324 963348
210859 778102
927585 984134
252480 286491
891879 955226
202712 597969
37403 192370
620132 937978
837324 850972
398457 771220
168454 397460
19328 105868
96686 237208
463736 579022
64298 785400
934811 945836
988443 993646
156353 647440
496626 690811
909608 910492
982651 984926
21333 647385
380374 444753
348595 558583
743889 891766
484022 653626
404529 466006
567767 756992
689717 826835
584833 827445
924402 999590
952728 976096
446015 969342
738374 819527
938010 976154
559985 672331
656025 671555
230501 561004
468581 961524
272019 417285
565284 720024
445097 893708
139981 831158
55922 408058
297496 946440
465352 675061
331577 774101
392220 958051
828923 993736
948214 948687
137119 175808
541471 661364
239397 814033
754836 859559
357420 832131
386137 548960
578443 611197
298340 355282
145054 173421
257646 824918
573320 858880
964444 978206
935513 955268
834176 931855
698428 968069
112494 487535
627071 667104
769464 844994
762591 948970
153913 510537
642478 709420
889854 956189
949061 962489
449982 480624
636521 877459
37287 318467
728462 866682
696799 897705
259770 931980
471533 957158
974962 993254
880495 927654
840328 958740
12698 13291
481390 562427
488929 972486
23496 227029
662699 992883
676138 909382
596483 895712
567624 766517
763414 902146
868902 881172
524029 823039
767637 847384
324053 741153
789880 884195
574159 956204
356020 730306
160422 633739
587314 618829
868666 913947
209736 815759
414444 925204
250118 495496
994985 999326
211016 870508
58147 375654
524782 978975
336190 827679
146313 849079
355288 412647
988399 992571
694198 780062
176169 461074
231256 723690
31670 153904
115613 181934
273813 844722
628843 724142
549229 661316
783954 911466
62712 914867
825349 996130
752759 835555
225500 769507
319776 638128
262046 944034
617170 780492
902062 915698
263826 269038
77839 620936
852761 974659
848560 864450
109033 697762
472613 662083
230688 785604
38883 213154
314052 967231
267979 788219
245352 860411
213806 877982
50526 771843
425869 610275
541561 815377
352989 805585
540335 627349
420140 923442
568758 735479
801099 968183
719297 814707
152536 654275
868435 894082
722398 869416
490241 852148
608830 738831
683032 907875
783342 917059
20649 704841
938316 962745
496121 800245
550493 905957
868219 903686
778304 838063
652074 864135
248118 932172
423982 747295
729954 804888
127132 797336
765337 947695
823718 915409
208848 843414
649217 752266
225494 763698
657637 663118
759934 870274
509514 709242
487500 634950
538797 787927
745185 972250
990784 999802
110815 244447
413963 419823
597749 621572
225299 863376
152285 848492
860513 913031
578111 988651
118009 660984
168849 574739
379303 452282
947728 991793
982337 986378
978995 996488
439794 745325
1000000 300
149724 191950
783386 869265
944495 955826
242396 739267
284169 835607
736815 787567
61420 402673
918457 995892
35759 688107
354830 601237
341895 660571
261008 942919
974394 979805
235903 948436
186980 887687
600820 782606
859485 998339
281821 500065
63441 428856
953209 972338
977104 991662
740542 989084
985683 999188
346644 553506
313552 522327
522012 548591
810876 937778
651610 875686
768118 883986
750000 794819
962478 985586
931674 991485
962879 995799
779158 834716
100128 176441
500677 690600
948124 962219
869904 927326
301370 639952
682625 879622
989726 998191
718498 812937
523135 942471
458558 798284
986858 999982
464697 523352
948971 969331
265334 482083
647872 997413
739258 817446
978394 998343
201781 394803
457691 803074
870629 981424
399461 717751
143287 819419
577552 978665
592653 697355
807611 893355
716336 969226
739857 753385
605913 905513
837990 961469
801656 881695
29492 487516
127804 731837
544651 695726
6342 409153
940384 945485
94386 470580
54297 488638
800296 869922
427854 681785
919635 960788
368919 944556
121231 964122
313389 805999
776310 783429
443233 675597
349545 966402
561011 627995
718914 795905
319917 379251
553384 753122
459810 641062
747996 766021
809956 962359
946221 956566
997424 998953
739995 832371
336052 495542
752540 964968
565468 739120
888153 940595
638150 790899
828713 852036
682010 805401
734475 829328
814782 883467
974354 976232
591349 658213
428376 810089
215272 535053
989459 993791
155682 299229
472339 790739
850529 913602
703009 952116
262501 522459
455518 704639
824366 847967
343972 954811
972205 994613
10352 217749
862226 965012
379999 546529
34691 408992
515730 975439
463213 619065
71707 699228
222971 916271
508347 813144
55336 369148
157417 281476
77124 486344
641408 968996
960858 998579
259435 336185
353239 900265
493242 828676
527269 757139
529510 617087
257089 566618
558128 712507
377284 944550
235885 275001
998675 999326
152554 591404
86615 735416
865229 969869
468439 747386
994205 996545
76434 925029
295338 847954
631735 892310
246043 923694
933642 990867
276157 557035
656196 941246
64378 530817
940430 948340
591259 776058
472673 997324
897144 973200
692922 738434
671741 953589
830592 894883
409313 502539
904031 913006
832022 982794
917535 922616
968383 978565
918075 963853
104220 474120
348722 468408
946982 976169
530702 606612
797890 998233
250750 431561
772122 787803
979287 991264
469754 892963
487138 785335
735175 851728
12677 203761
757067 839607
741545 926394
510183 848975
163947 747446
737605 836359
106096 841361
162848 659597
455471 793802
916547 977265
460375 663262
975756 983799
530768 873331
981022 985355
555301 946868
147474 879717
323344 557612
850029 942615
745131 932983
466806 871786
706419 809934
363076 992038
587958 790293
264413 667425
692240 889218
477874 901114
298427 613844
517171 763579
3111 807267
475537 617810
362753 783914
900454 937100
829987 858864
4524 923370
753051 822024
381478 536275
182908 690123
134557 741579
653912 876371
717270 959587
252089 835163
224580 862312
958974 969439
328065 561260
60089 868549
755680 879402
738172 979795
388538 817453
995906 999648
14693 48117
788964 871449
836380 955388
417019 609618
25149 883015
675019 828412
228396 670400
137460 708839
69744 602912
179180 406114
375378 726716
24359 70895
873464 996293
907569 997564
501800 576316
523814 632634
79419 310205
9675 188275
668558 986734
139421 873017
365483 785150
807483 880990
103425 339458
476939 891426
792036 800509
505596 661164
737107 985315
390289 804392
427819 850667
153563 403115
249624 316945
41708 476849
455851 870104
175880 784379
137976 315040
962187 999842
732813 874987
801140 894306
55639 61206
281101 764529
890556 995515
399186 472481
888222 992971
294373 571143
128643 844600
14826 361740
670189 713071
937442 983100
150394 910111
32797 443809
654202 926968
569978 715372
219428 761059
73733 906404
225053 684711
958341 975288
543961 978498
757680 829373
101677 104184
104383 383890
512332 924085
166881 268811
738339 921787
169016 353301
335073 803952
619386 766267
878890 921052
482564 886228
774250 868461
833860 922362
815639 821249
681297 891320
91825 237065
510724 983813
971102 977646
200534 448073
174550 461694
1000000 300
957756 979696
811913 912898
257396 607606
72404 295216
275929 534996
821550 826219
810633 934955
950279 998724
391068 840136
781690 883437
232541 711155
556714 624178
741243 755992
992759 997435
508623 825873
557290 901004
547933 734328
35576 949434
208932 835022
855114 982801
302069 370859
265779 618908
595740 777309
980555 983006
697415 817460
682005 949305
736825 983464
309904 826903
153088 409771
230662 472879
395051 731446
356635 880479
285194 336774
8453 115462
428387 831929
350391 431194
839279 925304
529019 836241
112123 371175
902042 974199
24036 942190
966703 979303
947744 996120
793578 943775
437619 479196
681994 840264
854274 985839
4971 374917
523525 927900
361213 370682
779272 933872
984161 988634
57641 93362
950604 950722
324353 989408
387763 668436
389359 715841
999295 999876
778343 797591
213646 911961
688866 776522
216051 802418
91200 764531
21725 338780
858904 880387
66999 495736
597126 734519
12274 706141
179597 655336
132038 195850
962146 984063
459295 642270
656349 840114
982438 992104
147203 386925
722511 781630
359224 555015
172565 710061
134704 772665
725630 993253
614399 793855
733111 760755
648912 755934
679789 998115
730554 979933
543459 764956
825041 982381
401666 516089
480534 820101
260490 814574
354055 378281
816017 941082
786266 846776
82189 385952
943221 944235
170668 367730
965402 966609
180782 742821
929212 933092
456900 717722
160637 688173
53151 178921
9964 388962
608912 766746
170131 598511
306024 442271
54336 196003
122264 396371
286661 540807
89483 134408
858312 919303
390954 843170
125783 654512
771440 791579
207696 572831
231054 296689
768276 861047
235649 511360
107837 571042
58888 264935
78945 739366
924421 941902
244726 433737
561440 927818
242727 825151
350892 588038
697772 722794
566175 623882
504468 575193
506134 737085
384100 820629
608467 801443
807926 962017
952125 961501
298531 506183
289101 859332
389611 971498
24026 976064
122246 887916
235986 734839
445650 969589
958730 995016
324273 802716
743377 753577
156508 417354
17882 139683
757513 843750
700007 881831
665763 758951
625539 819741
357328 509832
378431 889650
607247 642022
571587 609979
788180 879198
634865 717709
625516 753346
204575 329487
842101 988387
328904 600907
483002 529768
518689 740595
484299 859076
176239 553935
734782 846923
590878 672938
384495 812529
735840 894488
440518 552085
263558 659728
874889 995514
586258 782674
636634 795124
123926 262034
707041 805333
856343 895348
269187 779245
428289 516620
647791 764345
702488 951296
750925 948963
160777 320954
473088 811216
914539 949379
511629 513129
496558 536783
203129 842485
941462 967011
835207 888969
738077 898897
888654 898534
424453 841641
723493 935506
506248 756663
685782 972793
181368 276844
261104 940897
175414 774643
774601 968663
214168 691046
442740 468422
754578 934320
62513 957343
10283 22765
845783 965897
454315 631564
583553 744438
564152 856742
605082 856569
695373 870720
465770 865827
248752 539458
460336 721641
808337 966166
628203 979530
802635 845787
546960 627821
104542 723725
943756 953267
274316 429901
355834 901585
753586 992032
720254 886131
77311 821745
946398 977876
770482 862046
158972 182216
883085 981437
331851 976913
357419 764699
306960 874105
596265 952723
751582 943692
773619 975220
259701 899090
55827 619727
462995 861659
428173 756051
83034 216513
614065 630138
532783 754773
64 908418
968153 988849
769473 780204
809355 857918
125075 605410
21089 381487
391588 807772
734168 845511
890144 903473
902661 940687
957485 983042
684686 861571
667835 979651
528365 785929
140528 152509
546546 780091
105455 368403
527002 570590
510769 885819
234987 276513
263863 285844
512047 796453
19768 980290
248582 740971
567212 576536
693797 951398
579366 953193
230756 734384
326858 699425
49330 249895
311504 626197
453514 465045
671406 858004
409019 999959
674732 784662
765092 808964
421360 680489
477698 808671
792510 877061
441122 628962
647309 794868
511450 943584
660873 716777
711401 906444
465873 928642
789304 960862
732372 899363
630242 946477
598220 893036
385297 425001
824437 863519
368196 455777
979920 997694
364952 887005
320642 583712
307589 715538
821322 930246
247856 992992
290026 777651
1000000 300
691036 746572
200446 307542
956521 972458
643808 738947
735231 876336
74667 97712
192419 702885
126770 809667
300145 782177
890584 912705
600144 880308
400381 974523
713365 732386
290678 722721
512014 826038
270978 407001
229777 658725
742173 996512
835469 966995
84579 779676
634767 729999
94485 388476
751216 819936
654460 679285
6802 90726
449947 718439
957901 985193
278495 312008
154874 184253
436288 482722
708693 750729
519222 556492
602055 918818
596515 875990
631430 829524
517877 625098
330320 920552
806766 916303
168442 765599
50366 311806
350695 568451
604361 754593
93072 540429
695137 834004
678253 959631
843822 944123
64311 997205
691593 909455
236545 543099
925014 933773
188079 395827
331112 517635
119896 128696
115930 794571
664804 876560
111485 929224
480946 521072
122474 669019
855441 901571
879164 969842
191969 423412
132789 270841
972980 992052
619390 801334
549628 673398
451125 774555
376146 942007
385437 757498
743347 756891
60703 208376
551730 947757
180360 872160
482900 733281
539666 860040
885191 952494
953509 971087
858044 899322
543365 981627
986069 988485
825450 977368
158081 503682
621941 846568
386387 423547
905554 909461
827034 988281
579001 758115
800030 854399
322635 964248
582794 720650
286645 378986
849095 973368
912935 973360
201995 330167
315020 910858
332435 396154
326499 855837
612160 974998
293944 622369
789045 832331
49608 320412
189006 708897
590306 691516
189747 641633
723429 941675
766268 925093
228740 490349
120788 837772
826539 951153
144025 576388
265320 619464
89541 584151
743020 857387
944975 968990
111486 728606
997402 999812
121257 302228
523828 879106
470001 904133
36033 726670
236332 462407
882756 990493
478290 780598
498887 593370
629907 966441
73300 136829
87719 552904
601501 729985
972438 976369
602317 997839
986183 997736
440361 505929
472814 703749
657653 669511
893367 951565
765403 780659
825473 902433
93795 235695
248349 797001
680339 743325
954722 988847
53682 719799
937036 953746
822649 885045
545492 820045
974969 992191
556669 602627
705374 859732
837209 991818
82507 132940
934920 969921
989884 994881
188492 580255
445048 762158
919244 976253
812867 963242
952444 987659
657807 950447
41371 675956
977089 977231
291979 574083
259894 768718
587760 637386
882903 893261
868189 970361
449016 459677
141878 822182
825432 878161
973583 980616
262276 817486
104532 482315
633656 947751
422331 631400
902970 910450
106187 830726
61341 905513
811286 953107
86129 524258
416533 621270
334276 714447
784831 842601
742500 872366
412083 737047
185635 269368
955030 986413
647514 704563
480313 994717
72682 81429
864097 997276
128460 338756
705503 724896
492694 681472
46198 717220
906879 982712
53462 713747
282563 902486
978833 992054
24714 974659
653373 956577
565790 607289
711974 878870
738634 826849
162455 773310
434647 920486
941434 998090
253925 305232
233423 997365
56724 703929
878477 944637
127595 973459
324913 579166
885427 962223
281211 949120
944036 977296
800186 879756
928218 948287
290723 315713
956996 966529
567401 756158
822311 970133
249745 733058
89838 261762
787547 898110
95113 589016
856140 875729
802936 990626
935422 952940
466693 998935
338017 569150
391746 770760
397164 515428
638370 739438
909495 924912
581936 857563
446760 487861
403012 555091
419482 721013
793379 905184
372155 959707
554327 940204
114740 340766
376250 377783
76608 279827
433499 731415
742759 986747
627311 752265
227452 864933
575120 946872
104214 124499
57518 140397
406442 710405
395897 752301
740272 770817
214431 253759
457923 721109
223160 853148
73014 502961
898681 978492
269057 319776
269398 515245
269425 822311
36863 382203
279578 855522
941705 980779
752786 821590
895247 963468
794926 903417
438089 843507
682895 908677
927714 950968
865141 879347
367062 526405
258353 675243
452642 655250
589575 994519
845165 893151
980312 988717
542701 982845
651487 959268
184465 948848
647364 838165
319096 783107
966011 977541
766055 925521
362395 817340
359890 379225
38412 377466
941618 965967
248360 999515
877848 997754
992268 996532
970766 991721
151354 846625
307806 413344
520662 895633
756967 793223
438366 897144
680182 696192
776220 801403
827153 868398
981916 993379
1000000 300
477552 754585
583090 622079
838338 990787
427292 862705
578750 711887
948079 948826
716101 719664
990901 995323
548393 856778
596300 969202
149829 584342
300219 422078
80917 189816
38854 354140
669964 783358
532833 843377
52393 141703
382345 570824
346193 921586
595806 756921
780963 963987
520199 816519
55197 690960
568826 576767
622319 701631
153923 337313
387012 534632
651695 666794
889721 934742
398778 465265
308198 753744
821104 919677
6444 830377
951894 989321
76481 941007
556800 841407
946409 995371
64809 377960
722539 785756
913563 994602
770113 955843
270371 901845
849037 860971
189929 213463
253757 686350
329274 928267
653496 843476
216951 630930
803852 878916
586517 856629
829327 985424
992224 997958
333670 636229
94558 311834
413789 434698
205090 987567
252532 393740
326432 847157
265375 427265
12044 890088
326629 651646
600748 808111
781925 928739
358035 368995
779774 866792
169709 811216
875787 978271
265848 573073
930787 960060
184035 674905
625300 755212
743779 820818
915820 973603
49479 311758
554889 964620
494180 973090
476687 958524
85759 860496
255829 633440
51729 174985
309421 696600
130297 772488
609333 790826
276112 590594
301713 517542
315087 596096
6637 495528
370924 928281
598860 699049
875013 910711
870575 943213
223978 988093
849425 887953
716324 929180
780003 783427
417332 422983
952181 992523
202729 321162
810157 940237
788553 805396
898611 968738
421484 858004
223815 549389
958517 997653
696812 822211
199526 219473
376559 925776
685706 705719
537720 611183
773868 915136
116185 157448
62026 248713
65468 430913
37306 934643
187558 930722
706867 956189
336370 487006
391422 553087
452792 645557
331826 792911
855851 940909
673992 729322
149931 929919
703626 874277
701302 983329
774187 796334
894686 934791
962313 963364
591732 745790
415910 997803
474929 881066
156514 753395
475605 848272
993546 996739
322394 894865
952963 987932
606448 621796
17133 269622
945891 958066
849760 947174
287978 447489
110656 187862
642023 884665
558193 810142
220136 664500
743527 781479
509403 549756
512788 629626
359603 549963
609289 797833
257241 555917
118886 203491
263991 940973
44389 414798
80889 974004
473950 859137
936630 952604
259368 543887
293448 388147
276363 755909
372910 547428
861414 932979
661982 676174
596094 597458
551254 619077
627238 710708
251298 318224
824325 928674
120960 393343
213423 553476
193310 669292
994945 999357
358430 839816
852978 870436
282764 907149
512491 971467
340663 970213
714772 918388
172926 445206
41686 235673
941489 946135
475769 713245
834629 936728
566093 759802
943142 949527
648987 837267
86280 617191
41068 252525
308578 861319
262458 644709
851584 892692
143249 453179
597656 861390
46902 220643
600399 932694
375571 555964
23490 560278
139491 967089
482970 891335
229505 818917
285564 353644
217143 221083
939934 941055
298231 861768
82167 682817
179382 876872
484282 880810
229338 838057
352178 536557
527504 539626
881233 922600
58949 419458
472075 961917
637164 651645
228181 336332
403864 692370
946452 967117
438540 973298
918647 970770
512506 938683
923604 947094
661391 811323
615322 778119
257234 397316
838081 957758
541045 890472
83283 212698
143709 981962
239449 915154
598749 669722
586291 986767
274958 688528
913053 972083
663710 886099
362876 904090
476361 637397
195244 240623
561686 856830
725506 787869
945727 974667
118993 895894
16071 747579
431449 807270
416295 433208
190214 912503
765538 852721
416059 784504
763627 966265
14611 682773
525462 555216
860702 960752
927418 956622
827835 951212
8760 78141
255777 441915
828125 974559
762581 934336
686936 967037
73150 393587
440674 989910
235698 918457
12311 308284
321122 367983
103337 744140
343772 502298
408126 416152
427423 638960
772051 877183
804585 900373
892021 976200
248645 396685
131877 243886
216642 733987
535294 781821
123888 312426
109329 671713
222989 785097
686019 763435
281088 306554
272200 936736
170915 620585
334514 591622
20542 977675
612012 649844
402926 558528
488765 981099
669477 886204
767449 990846
3213 676097
834478 872173
142321 557385
233113 685154
347807 448253
842939 980282
199226 741778
686783 764514
263165 999470
346117 921335
429765 934732
997139 999721
1000000 300
546686 560983
301539 768124
362792 462811
36538 447923
680398 705363
767306 974116
909776 928093
667087 871236
747085 965968
336977 759087
544773 575052
800637 986403
980285 986963
811882 816391
980750 993838
826221 849478
255800 576960
491435 663266
786833 912188
330167 474760
542347 884278
886168 893134
210738 801014
628671 985609
816194 851956
298971 417478
306526 652490
754360 953355
102175 586299
843914 886772
836399 846767
218919 432198
554449 568232
776691 847254
798707 968590
312099 506067
803001 845011
324194 894990
859744 901761
234377 933764
250329 942067
678412 914700
457232 508140
727162 844468
527671 596522
488682 609331
439286 860349
840397 929445
631059 782332
737635 881394
946822 997081
559980 984939
957512 988620
960375 987894
991974 994090
661240 754431
805634 836542
240549 695848
643578 964326
719708 783606
208892 237363
840390 887301
39712 714706
104719 962941
801416 895611
415141 615090
37065 353593
21331 271007
275010 812830
328584 521321
225488 362004
168421 405215
848915 941902
675810 972454
333584 993271
359057 671808
809182 939127
460749 950562
117094 774543
390336 700894
887832 983133
51509 272378
219435 474688
40199 606901
181273 349957
206721 973335
730954 837117
489897 757322
244309 429791
407143 646489
535231 980626
337781 815502
53595 632158
788429 835019
966811 993486
398394 877670
566196 803486
883794 991317
463373 857101
683981 710871
351702 718616
764032 804410
656563 998333
672308 703668
988816 994053
98567 392648
189092 255565
221206 381355
768892 963520
213099 533581
22025 531912
757182 902713
646325 866372
492281 795461
301124 647560
419963 734144
906741 985650
950716 981386
953617 960260
857981 946555
883126 935874
966856 984678
619600 859569
886404 954154
464376 519320
459801 695395
778569 884052
803384 997287
34649 571773
391835 393095
882801 983914
930687 988168
776860 975590
931536 983833
126923 348225
110788 604788
183351 293763
992696 996954
275866 870143
562207 862894
296938 414280
632848 875536
702180 989080
703926 949582
544101 830714
762579 969324
324135 420398
122565 519284
639752 850162
339005 453091
230976 567648
685367 854688
256984 729862
662354 861062
362132 980919
873636 899279
204976 328851
922498 929090
326770 855162
888890 962750
853863 988211
284711 708139
874359 958302
903978 977425
37076 155376
968185 974096
465311 930415
68447 181967
304225 945735
244242 268245
153830 945193
627292 812513
804239 927693
621345 719568
210469 469292
292 799440
149195 997640
285129 489887
942428 963386
911344 938232
934430 981164
39181 712987
897437 948068
232535 875116
932930 993392
52785 716472
5013 248807
587313 994360
991637 995563
406327 426344
233872 844464
202101 718897
82297 181635
760918 992269
351975 979272
800187 976804
701078 989840
901991 913343
125708 654169
921613 929188
574716 900303
581762 997198
366327 777493
201323 980886
77002 203141
518340 962536
75240 860790
450260 506732
45075 545635
293367 548623
661817 773678
891215 955341
117769 670890
290045 567254
898166 922737
961768 989288
670373 952199
343232 933401
659337 736876
675295 792742
259631 834849
773615 903385
588042 691437
566106 871777
959083 981021
178624 884256
713764 836676
816761 965702
81128 116247
940112 986771
604697 766043
763035 851502
968010 998751
455400 860592
807950 911056
633951 646586
829622 844359
680161 846104
387231 483682
763318 950692
941046 967865
830584 871520
314941 483311
150410 215993
473005 661784
819688 936602
65005 430827
737474 887207
710454 996835
740182 771937
576691 955054
369733 389092
9107 405288
372521 684726
648881 732751
592519 929307
732217 924492
314370 714419
654116 909692
648886 869263
205349 856995
762935 785512
152339 856753
544680 965380
372917 821588
171635 295168
158858 827805
633135 807543
413965 759130
210770 700290
763235 847935
592279 771717
843938 854238
814511 897838
857882 948285
363471 794985
89841 559940
339841 622251
72053 732625
571587 838436
238381 450596
656220 708399
577178 932232
154379 268095
961852 999151
820412 894363
609812 867882
289986 842619
475155 672592
746615 927287
953958 965661
848373 953475
228792 565673
947943 999077
469596 894075
464984 706151
984240 999569
794637 855509
240649 796169
203845 792582
1000000 300
685026 857645
328549 374358
668951 992236
208213 309737
734701 755125
143137 545393
710932 794214
472071 847191
701406 782488
822546 942257
391626 400463
633282 952973
703448 970762
833311 931071
129114 463267
58672 644911
462610 563596
803572 879276
559870 878071
898027 996120
296311 938954
598432 714761
239026 432321
55944 430930
392680 485570
338160 496496
700022 743274
896404 998464
991631 991871
886721 897866
256889 698986
781699 936961
394767 789052
408473 598636
628079 672646
860743 962994
797329 802156
898170 963940
599806 625155
918104 992065
540844 957964
902550 951506
577794 967729
459896 810274
681510 921478
644717 923585
310758 757752
749777 832565
353434 731833
641665 648020
151418 656344
381092 667308
342123 635781
698713 771638
158335 517394
445038 475551
786084 978760
716931 880900
141617 257209
784463 873165
889266 952050
993895 998162
724549 985017
698510 990650
148728 149821
104808 844875
657548 712830
64089 128084
966617 982471
573232 867213
667676 852750
575092 643595
588635 881092
959531 967212
467226 518819
365181 690507
340460 951613
926912 931472
304498 719639
885820 985876
601397 862420
339545 808530
90283 120565
707420 929045
594411 617133
385744 490487
235677 250183
534134 827215
361548 469511
117271 940936
459808 523767
302001 605055
554359 884793
727317 734767
20296 283721
786213 930109
124855 218225
79168 980467
734887 945193
605960 950641
911662 954686
997000 999997
220926 824186
916347 994058
270873 684233
480279 857587
396376 614620
529889 852549
768513 927364
446672 769208
100686 330451
265991 760977
741304 875561
202397 956194
346576 717878
632498 694593
877715 950165
588631 768778
6140 427478
636304 926259
746585 964811
970624 991973
125170 417073
951580 987672
772854 821135
348895 490874
70097 937067
553526 910548
667822 677269
71111 805148
950248 992618
640594 663437
631812 753290
373400 745151
116332 958014
266167 394595
907241 972836
535561 837947
927063 958861
483549 692924
104207 188783
315157 325927
682837 707881
680750 796872
980254 981638
477746 765795
297164 949807
35135 976087
343142 571265
693365 914684
179853 944393
669172 707107
505887 787961
238166 888995
914904 974191
847210 991217
394518 912050
982195 995568
108344 127112
166327 203132
159952 723242
241172 516142
775603 792135
889964 922785
672481 770284
729111 906426
176048 590644
685660 706404
196174 598464
176008 255248
974261 976675
564226 603630
4971 686116
898327 980005
695890 901101
24161 464518
390705 607429
664114 686505
952494 983171
677138 736703
209081 240419
651308 785432
529868 535211
48022 748982
643663 820487
318434 467820
922739 949447
643470 795099
91443 832379
944476 972379
34368 324375
242533 377208
69932 271269
900646 979124
39039 915109
766343 785337
572254 624679
971716 979436
579142 707829
748 923672
592777 921499
696513 993608
612448 954330
287294 802275
58420 655506
994065 998769
968192 998470
81096 943414
58545 710023
306349 876296
843303 950001
549972 563956
737629 940533
705520 873460
814569 915629
834242 947366
948873 952872
889851 999767
887286 916010
252040 373251
367519 500479
829376 900655
946917 955965
317266 921566
99079 971176
295077 443764
94818 197843
274394 950065
328764 873706
184522 537021
637150 994562
179450 823363
374806 565079
74101 715205
121733 424533
178447 628315
389945 482762
965232 992793
333791 908107
380061 534048
235113 830196
543553 660222
72804 152910
599878 735967
654666 990387
676305 854989
265333 271754
433260 787179
13351 614840
733880 842515
108314 638851
919064 919247
899241 910581
747821 853466
889788 959177
93618 745962
514457 596221
583111 987796
732323 786627
128589 770371
173409 411429
732393 773373
266579 418089
964455 996514
548509 825593
708437 710480
549190 575739
155319 859943
972458 985798
8403 589451
569336 876529
329292 446296
310661 697166
424462 614469
870900 983109
607986 663618
987037 987676
158767 919188
658678 967847
571106 756622
76266 898598
194229 427146
526543 788010
340979 581677
708960 739072
147970 323606
166407 614555
340857 818229
30855 915750
827661 844938
490676 988738
285028 813635
332901 974077
230457 653204
731407 759312
917334 927791
975901 986182
730072 950096
532406 548863
831668 865036
